18 294
-1 24 31 15 46 28 37 43 22 10 50 39 47 20 35 30 44 12
24 -1 27 35 42 31 28 34 30 18 21 44 32 23 46 25 40 16
31 27 -1 20 30 40 19 15 46 50 33 21 29 38 28 42 17 44
15 35 20 -1 44 26 32 40 50 12 30 18 47 39 16 31 34 23
46 42 30 44 -1 50 25 29 18 37 45 43 10 35 23 21 48 26
28 31 40 26 50 -1 17 33 39 22 48 30 18 32 47 45 44 27
37 28 19 32 25 17 -1 41 46 29 31 43 15 47 30 23 35 22
43 34 15 40 29 33 41 -1 26 44 27 18 35 45 39 30 24 32
22 30 46 50 18 39 46 26 -1 48 42 16 31 44 25 35 33 12
10 18 50 12 37 22 29 44 48 -1 34 41 28 23 42 31 21 26
50 21 33 30 45 48 31 27 42 34 -1 47 43 35 16 19 38 10
39 44 21 18 43 30 43 18 16 41 47 -1 40 50 48 12 31 23
47 32 29 47 10 18 15 35 31 28 43 40 -1 22 26 27 48 50
20 23 38 39 35 32 47 45 44 23 35 50 22 -1 18 28 42 25
35 46 28 16 23 47 30 39 25 42 16 48 26 18 -1 50 44 22
30 25 42 31 21 45 23 30 35 31 19 12 27 28 50 -1 24 44
44 40 17 34 48 44 35 24 33 21 38 31 48 42 44 24 -1 26
12 16 44 23 26 27 22 32 12 26 10 23 50 25 22 44 26 -1